304.90816326530614;700.9396626886956;401.6395170330297
304.90816326530614;1203.3845422896557;495.2063117668033
1112.6454154727794;1214.2506570198486;562.1743334086227
1087.5687331536387;928.5047392255094;578.0033236005281
1135.2363636363636;867.1749597451067;589.5585465719353
1087.5;771.728686337859;651.4108135840668
1088.8972602739725;765.0865399390697;779.5216376771859
1090.4462365591398;532.4964431138221;683.6234705893322
1070.4254143646408;575.5357757030569;850.7343459189468
1067.16;358.0311899751204;847.2147106554264
1037.076923076923;404.4933628425895;1004.8062381653486
1020.2440944881889;268.4677915519979;1038.875266766985
949.6587301587301;269.2521634290106;1082.760791659249
933.5657142857143;302.0852737489581;1239.5502359579832
888.4553990610328;307.93283053502836;1312.2923256083884
868.6588785046729;319.06243060613383;1349.4705314466994
845.8375;344.4487599061456;1368.1253543603282
808.5909090909091;363.54195825630353;1412.0919631861473
756.1162790697674;405.4952119643839;1342.2871287109942
756.0866666666667;391.63880435051277;1495.0189544216846
724.0068027210884;434.50568480224644;1505.650008520661
691.3603603603603;451.6316471387066;1448.234050290891
777.2244897959183;472.89566850127625;1553.0957888236746
683.8285714285714;541.6508250230191;1577.7106120453136
776.9090909090909;581.0293228521133;1593.9524626508498
699.2297297297297;668.8074706282913;1594.4189324687472
629.822695035461;716.2333496342783;1589.9678942009639
543.018018018018;772.348122964274;1531.7567672663217
551.1194029850747;828.451224448365;1531.2253264690332
529.94;893.106725592013;1522.0960890743488
516.6016949152543;936.4160969722753;1493.6431368402934
510.0923076923077;1021.7338904951819;1514.3065619209565
517.9555555555555;1024.6120922082366;1496.963068719463
505.9117647058824;1096.480489061551;1463.2205565536383
606.1428571428571;1108.093636983408;1395.3324558179625
453.32;1114.495998595405;1322.7340417935134
545;1103.257998059347;1291.7923524520393
444.56666666666666;1110.5213011797139;1233.7562422635049
371.2916666666667;1104.7954260356921;1176.7267900421377
335.42105263157896;1101.6701626083682;1124.834395217616
286.9157894736842;1092.4679980723593;1066.148893082314
357.5072463768116;1074.4273002796212;1018.1217185788755
248.520979020979;1066.330645391707;980.1106580446227
266.67957746478874;1036.5605078724561;918.8274476331903
259.62083333333334;1002.382947571082;880.5897160416179
203.6697247706422;972.6075070030292;831.2664519524598
213.77573529411765;928.952005772558;800.16214234723
228.54661432777232;891.2167020175876;768.2240521079476
234.99797707349967;841.8732429423236;737.6856758223433
239.20211267605634;796.0454432779973;718.3678426322645
275.0268767377201;744.7569966301636;702.3378456362829
444.1132686084142;619.0663661710873;756.6359870256232
492.4733637747336;590.9477562867831;671.9725791902538
567.5531135531136;571.4711648285786;701.1384013440266
632.4570135746607;525.3224584158357;638.6132508283894
786.6875;500.9218346401907;630.5131809969773
772.0162162162162;453.2716886341869;620.5162218284496
824.6601307189543;433.55246044048516;598.1006681418909
828.7119675456389;402.7405087631936;708.267985798034
930.4651162790698;351.17927242376487;549.8188220998023
927.5778443113772;301.0646827029819;695.3438849057417
994.3378378378378;277.71187348569174;656.9682544043951
1043.6330472103004;338.70653206704543;573.0069751913106
1082.9909502262444;422.017609789029;569.5550151619585
1066.584;375.103688529307;709.2621324509661
1089.0217391304348;588.7955815382398;660.0729336396518
1080.9435897435897;564.2906489720517;781.3803963485983
1107.125;685.7965752966658;797.6269514526708
1089.741573033708;810.8593915499906;765.3220791020897
1132.4347826086957;916.7214143422411;840.7012562876879
1063.4260869565217;1019.3533661697504;926.558188917024
1066.3653846153845;1374.640707286796;1104.4383787464787
1051.2827586206897;1189.8937447755288;1134.9696060742947
991.0328767123287;1294.0203850645378;1204.039985227613
983.9902280130293;1315.425781314672;1293.7511946580887
941.5867768595041;1285.213959621565;1384.6756250868787
928.3333333333334;1277.471537998949;1500.689234119806
895.7716535433071;1255.0252902304917;1572.0352540630847
858.1342281879195;1225.327422714748;1606.1616586595815
863.236641221374;1082.803768506311;1692.830914547941
811.4632352941177;1061.934670460966;1741.7975382735501
855.5753424657535;921.8165165507359;1801.6492561974214
865.3389830508474;878.666764283316;1813.9266723969713
909.9333333333333;818.1341825953273;1815.141594768465
769.1544117647059;756.3634157514691;1744.649598534481
783.7932960893854;639.1691674674241;1729.0453838446228
757.6694915254237;639.311887875553;1707.323969243581
742.9230769230769;552.920984059122;1684.481928282658
711.223880597015;551.130649466935;1621.194753531502
686.0555555555555;510.8488396401351;1591.2559496744395
704.6938775510204;452.19558740773255;1533.0406118436836
662.6821705426356;443.7062853302146;1438.2111204019036
647.4677419354839;447.52050035825323;1427.1191652320745
650.6601941747573;454.79281489729726;1343.8792573467765
635.0686274509804;471.24084981669245;1256.7488138508884
680.030303030303;433.5081335960961;1192.0786820413882
602.1549295774648;487.5204742389364;1154.9403123474947
729.3846153846154;502.32084756485057;1125.6861575861285
582.0277777777778;490.4722959513774;1016.327415045092
505.51674641148327;554.8851128515287;980.6893939194395
506.9593495934959;562.3766214596776;974.0224735651785
402.92063492063494;619.6034361440509;879.4058079657598
369.63120567375887;654.8045931023664;824.2605227205884
336.78443113772454;674.1325473346031;819.7739595616229
322.97989949748745;700.0486937517811;758.1936667531553
260.579945799458;738.5052032747166;697.0205571661834
215.20149253731344;812.4256616799793;708.0709220769767
273.16279069767444;851.6222553526355;704.4785721632061
272.6613190730838;1074.5096413257008;656.3617865182066
343.6704663212435;961.1646128491823;583.576207656611
324.870709382151;966.4217986350709;543.4135551066479
389.156146179402;1021.5485587600122;552.7876466211993
428.01192052980133;1016.0080895409396;486.49298802529694
519.2337547780064;1101.4209659441992;507.2201364953518
523.3545205479452;1120.6604785730092;455.2548446203388
610.5282583621683;1161.3142403737047;391.3496049336899
699.5289774824658;1149.1741667036897;444.7857547192603
762.8154838709678;1169.0317349220213;322.94639170761343
908.6892196662156;1172.7145084151812;270.4892474150369
965.8103130755064;1048.143849028851;260.0902143395583
1000.1026086956522;969.2101829494255;254.55180809131835
1009.4504988488104;932.3151945193862;337.25423518190377
1006.6802259887006;908.7435473584031;336.0242198245843
1051.9295774647887;785.4673250593875;328.57903451554995
983.9275109170305;731.0624852372341;337.11348618372404
1049.5158371040725;650.696479040794;397.1308971568238
1065.661341853035;505.1457191971166;381.05489267187346
1056.684807256236;432.2920946316915;421.4336619530832
1040.5583038869258;347.56115286753186;501.9251426344323
991.0909090909091;288.3871615456014;586.381986880804
894.6091954022988;358.7728266946875;665.1121518062722
869.8671328671329;350.0368226760961;799.0790182530516
799.741935483871;407.4651930987248;812.5237889531693
766.6758620689656;419.3583482561196;898.6904468506497
721.5213675213676;439.3470974361993;962.0487345451394
715.3166666666667;397.0303436460161;1059.5832839729378
649.919540229885;473.56959040742447;1056.6145749453333
1137.2;448.7071384801519;1099.0075655057042
1137.2;465.013489788457;1116.5546174570325
584.6;511.280229583644;1123.9228600513131
514.3086419753087;557.6445274726102;1148.856027835477
451.33898305084745;570.9034916072952;1171.2214070139123
447.5045045045045;599.7528561801696;1240.9205689680982
397.6031746031746;619.407290623117;1202.4364223755251
392.508064516129;647.5100178147652;1210.7539357317028
368.8618421052632;730.7766316082863;1204.4273309292275
385.6231884057971;794.8783834289572;1262.1838261250482
331.4392523364486;774.501381966492;1203.4000452656164
317.46078431372547;831.0938732437495;1187.009256560954
335.4712643678161;849.4007146570901;1180.429677654137
325.63157894736844;939.0792973893264;1179.0538573317733
303.9495798319328;987.887785474625;1055.5235400098693
282.6920529801325;1081.6163889497072;1045.4584916884576
252.44160583941607;1090.367126546214;995.2401384312567
270.54294478527606;1106.075915912165;967.2907339749543
259.6774193548387;1025.1012086389355;875.9852948169603
359.0722891566265;1068.8548966214685;902.4198146397405
280.46285714285716;1102.2170837081499;823.6631762711813
379.2725274725275;1118.7044760286512;778.131994714358
351.3333333333333;1110.7855142713959;840.4354233311523
276.9;1108.8322246293185;867.3908203918198
323.01895734597156;1081.6413625159073;831.0453624399237
317.35535307517085;1113.3899004608325;790.6916471129156
404.4042105263158;1129.084582734924;777.5850736145763
457.5225653206651;1137.759805898536;701.281537237685
430.7325581395349;1140.2261607064513;605.5438011152319
430.8415480102227;1141.77770992569;547.8326349479637
558.5586874211191;1145.9515814766553;514.9454056584613
578.8507078507079;1128.1914953041296;512.9078161476206
567.8426763110307;1143.085931692143;362.5518588763544
611.2737978410206;1145.0913709229128;366.9414241970252
578.301440329218;940.2328225958933;404.97658871012214
563.7456940222897;858.2113213407312;452.75305740455605
638.1270226537217;819.663058998283;391.8726141342253
621.6184419713832;707.0202651976124;391.96012151019033
665.8707224334601;654.5972225817183;398.97193048175006
679.1963636363637;569.2964199705596;442.05735013985066
725.3835978835979;513.0242756982032;480.67307624359205
763.6686746987951;476.63462536543636;545.9607993595478
785.8029197080292;465.8758882956301;614.7517507377136
777.2222222222222;437.8225038272743;669.7785147869325
805.3252279635259;412.62358270885846;710.4559236767715
775.5503512880562;422.67398603409157;838.7616218576575
839.3956043956044;371.44576837477786;833.4878892751651
831.6374622356495;359.178579756202;885.4693481481517
828.6915887850467;379.97509377069355;956.2261876166879
805.7713414634146;390.48178786984136;994.9387397236147
852.4984227129338;337.0401227065391;1059.7774545107886
840.238683127572;347.7437672029976;1204.3766900866551
883.7733333333333;314.43585002161177;1270.719870357919
895.5692307692308;301.60325527851313;1316.6810088549585
907.39;311.1788170347238;1405.3044112321397
924.99;287.0907848598425;1481.3527439636432
885.1894736842105;400.59055394181587;1584.8037972403938
904.968992248062;484.9970497635513;1621.1680893896153
892.8;569.6693887820969;1623.5697315287455
910.3259911894273;664.1934005186572;1633.9887820125678
901.2611940298508;720.9337903654847;1641.4910811185835
860.3132530120482;755.7386379655785;1720.980358495071
887.7777777777778;895.8643668028014;1680.7183947878011
870.5742574257425;1123.2446015681599;1787.7983857438933
850.4285714285714;1127.0769165798847;1762.5284755513942
829.8275862068965;1228.6450079003519;1761.5837797339288
782.4023668639053;1211.5640340000468;1634.0311855613404
809.2452830188679;1181.5396901799656;1605.0664938323678
750.2450980392157;1180.4117431688703;1595.199985501324
751.3541666666666;1167.0955005187573;1665.8364354778305
886.3235294117648;1168.8893701577238;1668.4218806767983
918.88;1135.3170045364564;1652.133501156233
857.8064516129032;1143.490956744283;1604.0822456648473
598.9111111111112;1051.6067571759731;1579.61941448844
631.0826446280992;997.9185420287182;1606.0991648603936
554.0204081632653;1037.7471542559529;1548.5185082198366
516.547619047619;1032.2846499495006;1488.1695915054029
467.68275862068964;998.2844321335124;1449.017466459165
446.08988764044943;941.8574649033507;1410.7770960147539
434.36708860759495;937.1731241355764;1370.0899435203473
439.92424242424244;890.8016941369945;1346.968503436629
421.0246913580247;806.879689826053;1328.667682020858
385.021897810219;814.8208273716282;1267.5435567377053
374.0289855072464;774.9956678739167;1242.0528903870368
377.61290322580646;708.7773074396355;1230.6996654621746
341.4331210191083;719.8931910988745;1152.9096783397413
329.50925925925924;715.1792520959945;1117.5421138871939
368.62204724409446;645.8236586633648;1078.1053933156359
374.40458015267177;628.6554861708462;1050.0206764056222
382.98850574712645;631.7358037473618;974.8488797288812
404.34615384615387;621.8120072046967;941.6939583764425
450.8959731543624;601.0068531626466;909.984508778483
461.85169491525426;547.0893409641321;838.0894568566366
494.70089285714283;580.5308784563325;783.3575669917986
501.265306122449;574.2168495927449;749.2493518735075
547.9371428571428;535.0599032345675;653.3884072058243
572.3652173913043;545.5197692678917;666.6170613067932
627.1932584269663;539.7695015937984;569.7246711920018
670.7730600292825;540.8250328950679;482.74373981211244
756.7911646586346;494.7719883205091;464.64050524890575
756.8429858429859;591.7181599511893;405.3216116694132
850.4222737819025;534.976702709321;391.1281162577261
865.523616734143;641.8688569100381;333.9663880950221
914.7845849802371;686.0326338154491;345.4605745081775
962.2082474226804;721.9675952856963;291.25401277126093
980.425902864259;806.067340861754;332.7906625542459
995.4154818325435;861.1968220303808;339.63282111075284
1071.35;925.9261825451945;310.9411187529761
1067.249152542373;984.6543019090509;332.95893620041113
1069.3258785942492;1197.968625815129;415.99016929469514
1079.7267373380448;1191.4328833148015;400.5425927000125
1181.619266055046;1316.9414330670888;276.93523312420535
1069.8700787401574;1219.7008080004437;570.4774652604459
1068.3024691358025;1199.4060268031815;620.9619969262321
1084.48;1282.2510350902078;922.9535832700257
1080.1311475409836;1315.4358799732115;1122.2198111304497
1038.7096774193549;1034.279424796191;1066.2530685298914
1049.3939393939395;1018.747923689739;1209.2856037154859
1036.2542372881355;968.5915639668259;1276.2581003842236
1015.6666666666666;945.8953342962164;1323.845006940958
988.6976744186046;881.3221793834092;1415.7663176558933
964.9;786.4127399653736;1519.89134799149
958.7142857142857;712.4858459266366;1590.641739988815
917.71875;671.6652506512145;1653.610912810163
905.7926829268292;647.7041239818477;1659.080105902006
874.5267175572519;591.7452612800157;1657.0625037601828
866.7692307692307;500.80232275015334;1717.4509427891942
848.0769230769231;594.709456484895;1742.6018066690508
818.5492957746479;584.9113003918386;1733.2787984805525
809.0681818181819;598.6537743870891;1734.5813033844522
752.5241935483871;610.470671345639;1710.4260339367802
729.6276595744681;529.5697717575243;1659.1583778649615
718.6285714285714;593.7931524500092;1689.0746631590296
670.7826086956521;617.7775762348787;1654.005419306363
647.4235294117647;617.0692828807755;1640.4874400183387
644.2358490566038;540.5797550749564;1583.0023543069308
605.2666666666667;568.5096755507512;1539.8845783425504
571.1123595505618;620.9412975516337;1501.884757737362
565.8688524590164;584.7497640895845;1462.3902599600515
511.0495049504951;610.1320205098608;1410.0009756651768
530.3833333333333;551.983025080685;1343.929730500265
671.5833333333334;605.1285333083871;1313.8456226045253
459.54945054945057;619.8247473079745;1281.202308202293
410.3636363636364;601.8070657870876;1219.520110617316
1137.1666666666667;618.7084469956181;1184.641230295592
382.9578313253012;622.922890449697;1112.2304521773801
337.17676767676767;673.555032821295;1078.644840152022
320.97333333333336;689.7010970378598;1036.4453704851426
305.55828220858893;712.1936441599884;1026.0847522014828
348.1951219512195;781.3543375457668;1053.4978898651423
248.71573604060913;796.5178668193367;975.236635482764
239.672131147541;841.7724546425263;956.7513172993694
242.92708333333334;848.8617987754509;950.3902225518876
208.08771929824562;920.6653224425329;928.1337876167768
194.4506172839506;939.8170891770474;888.6800894501037
273.07462686567163;985.1962246919032;870.1795672523724
249.48502994011977;1000.4225933996651;829.8999958300951
197.05263157894737;989.3614339934813;734.3175377207384
249.47330960854092;1026.6779181157838;706.5875703980998
311.9571788413098;1017.0276114516824;662.2387908826223
290.1285878300804;996.1599671088227;591.8763568470475
365.99910071942446;1021.9435461489682;572.0602801575899
333.56164383561645;936.3529192541972;537.4687099058826
437.1106870229008;937.8628102639266;521.3582665933232
510.114606741573;722.4139627843343;481.1946167377245
561.1807692307692;684.8641968509539;440.5319239431807
650.7925998052581;652.7940439057695;428.524964776917
679.4293059125964;548.9192445103533;471.934811265809
750.9485094850949;517.5786843785833;431.2574153463541
810.0903225806452;473.0099953359012;474.31162669085603
881.846394984326;511.7469915602486;405.75308784240326
931.7908496732026;373.92910741425163;471.30412451833297
993.6040268456376;364.35005787511;439.2117557904065
1036.7830188679245;472.48536338532136;431.1655309309651
1046.2046511627907;519.3448704770665;416.17407507168053
1113.7935943060497;504.20502976117086;406.6314970440158
1093.117903930131;685.4766603584636;507.8560937637359
1088.212643678161;662.702012653494;530.3188993404331
1131.0190839694656;656.5564045002423;559.3732475964484
1089.1923076923076;762.1276303095478;750.4824852690325
1106.9447236180904;705.4347734010092;799.5673313351975
1078.5862068965516;795.1298970584656;906.4766684995107
1064.5882352941176;564.3852917276223;979.2229614758201
1052;762.9832212945886;1104.6279593889415
1038.423611111111;525.1874936230446;1130.4731941533494
1075.8214285714287;498.42361381751897;1303.2591548343576
983.7916666666666;589.4994973220038;1410.7221095439743
957.6045197740114;562.8198127750394;1481.7517049968872
935.1717171717172;374.77736759552437;1426.7422386756023
898.030303030303;438.64681415668275;1610.0138889742175
876.0592105263158;347.80653478382226;1512.772395130691
865.1505376344086;381.1785614198087;1593.3213796073085
834.9176470588235;382.1727636199343;1509.0176217646663
819.1573033707865;344.42076334277226;1562.0722529248983
774.3714285714286;417.07784835478594;1551.6916114171006
728.9956896551724;412.760947356821;1460.6756560545577
784.469696969697;417.60859705645584;1521.466134455108
739.3636363636364;470.9950669581824;1528.1618964487584
649.5897435897435;470.12943026848876;1416.219372618624
667.5192307692307;436.85718131821596;1350.190195932095
628.4036144578313;497.1090093319875;1317.4592307861074
577.5284090909091;500.81245947286413;1226.8442135582734
782;528.5299967705076;1233.1081996077248
621.6754966887418;503.51368360906594;1165.1668667967529
575.64;518.0090474194475;1109.9651670895544
563.7361963190184;518.1304949390271;1030.4276410110517
581.8511450381679;536.708646303045;969.0754400328838
719.5473684210526;481.2851261728785;1004.6438131307332
629.8805970149253;516.1734009971999;875.9346539743879
666.9454022988506;479.42408626069977;788.9604962928782
724.5984251968504;444.06639709391504;731.1561282860491
780.4470284237726;422.3003108649555;747.1003761256563
763.7379454926624;426.0107910041131;789.4231755503611
860.5307917888563;376.2975769587586;645.6912728691074
906.8566037735849;328.8628908707851;800.4733337531342
1008.1882352941177;236.93701598248956;757.2856301123144
952.7234726688102;269.5701678033;899.3586163272371
1014.6382978723404;296.60864484396365;858.0605502510725
1024.252808988764;294.97460234682393;935.5252417696495
983.6776859504132;298.00854291512906;1115.6873511067533
1002.6935483870968;337.611648745736;1094.3480069107957
1037.2711864406779;486.93374021621406;1031.1310286899036
1046.8686131386862;570.2750395170967;1066.4795962807507
1047.457627118644;628.5682443227505;1218.987939400217
1032.2222222222222;847.0180067760732;1231.3666472420202
1030.8076923076924;818.9688166495503;1364.2970354879462
982.275;953.0253212620732;1380.4659088582341
962.4179104477612;960.9485144098398;1541.578582511932
917.5205479452055;1187.2280866069202;1588.8979862991555
900.5368421052632;1222.4974732707785;1584.4528003187531
888.4583333333334;984.4954649244153;1730.3072583843107
881.9166666666666;1022.4525970236409;1764.7320819621593
820.3934426229508;1064.9369527430326;1730.5246531758155
817.025641025641;929.4421915907044;1781.8732398874151
817.75;968.881661355073;1828.3362958973532
778.8928571428571;940.7047600304262;1809.639823641479
727.5294117647059;913.7681893615423;1778.4365417038146
702.6666666666666;839.8938362128733;1746.4185118028038
696;820.4615638039642;1709.2993496613722
645.2083333333334;771.0867422958977;1661.498871664618
623.1632653061224;698.0941267492116;1627.9525348455927
762.6666666666666;734.345269766604;1632.4088813859992
562.476821192053;713.2937478478888;1527.533150193839
550.6470588235294;775.036728016543;1534.5314718387808
512.7386363636364;781.2232639390446;1482.907961988757
514.112676056338;729.1918711230802;1473.8629977188016
448;797.8104640389105;1409.1894376984746
466.1857142857143;797.8048508370831;1400.6649365408337
456.82;803.2943181719288;1345.358384339456
405.140625;818.307838558092;1292.0564151377866
359.4130434782609;825.7994519388388;1237.3394643873917
316.48;828.2551894758528;1191.0118482911969
318.6;838.4256860908177;1148.534309541488
352.6666666666667;835.1737413880909;1092.0555906373684
287.09615384615387;859.6524549709028;1046.9339853872916
245.9078947368421;847.7481708474188;980.7656016507342
243.1138211382114;846.3160157936428;954.584486202249
203.5234375;827.990844277625;904.0970393457377
242.19520547945206;817.5862892979104;845.8258596849674
196.39183673469387;956.524086243832;829.4864020893992
173.48726114649682;881.6543587839211;772.7899188844732
149.04365079365078;832.9731190704748;771.2175594125486
272.51824817518246;778.9867137371882;845.9046343289689